((("stringify" .
   [0 0 0 0 0 0 0 0 1])
  ("Tern" .
   [1 0 0 0])
  ("popup" .
   [1 0 0 0 0])
  ("Heavy" .
   [1 0 0 0 0])
  ("setType" .
   [2 0 0 0 0 0 0])
  ("heavy" .
   [1 0 0 0 0])
  ("light" .
   [1 0 0 0 0])
  ("var" .
   [3 0 1])
  ("result" .
   [2 0 0 0 0 0])
  ("type" .
   [6 0 0 0])
  ("$scope" .
   [4 0 0 0 0 0])
  ("resultData" .
   [2 0 0 0 0 0 0 0 0 0])
  ("div" .
   [2 0 1])
  ("in" .
   [1 0])
  ("style" .
   [2 0 0 0 0])
  ("p" .
   [1])
  ("position" .
   [2 0 0 0 0 0 0 0])
  ("span" .
   [4 0 0 0])
  ("absolute" .
   [1 0 0 0 0 0 0 0])
  ("right" .
   [1 0 0 0 0])
  ("5px" .
   [1 0 0])
  ("left" .
   [1 0 0 0])))
